Average: 0.49086705359604627
Variance: 0.08615255701918641
Standard Deviation: 0.2935175582809083